{
 "cells": [
  {
   "cell_type": "markdown",
   "source": [
    "# 교재 308p\r\n",
    "- 지도학습 : y레이블이 있음\r\n",
    "- 비지도학습 : y레이블이 없음"
   ],
   "metadata": {}
  },
  {
   "cell_type": "code",
   "execution_count": 28,
   "source": [
    "### 기본 라이브러리 불러오기\r\n",
    "import pandas as pd\r\n",
    "import seaborn as sns\r\n",
    "import numpy as np\r\n",
    "\r\n",
    "# load_dataset 함수를 사용하여 데이터프레임으로 변환\r\n",
    "df = sns.load_dataset('titanic')\r\n"
   ],
   "outputs": [],
   "metadata": {}
  },
  {
   "cell_type": "code",
   "execution_count": 2,
   "source": [
    "\r\n",
    "# 데이터 살펴보기\r\n",
    "print(df.head())   \r\n",
    "print('\\n')\r\n"
   ],
   "outputs": [
    {
     "output_type": "stream",
     "name": "stdout",
     "text": [
      "   survived  pclass     sex   age  sibsp  parch     fare embarked  class  \\\n",
      "0         0       3    male  22.0      1      0   7.2500        S  Third   \n",
      "1         1       1  female  38.0      1      0  71.2833        C  First   \n",
      "2         1       3  female  26.0      0      0   7.9250        S  Third   \n",
      "3         1       1  female  35.0      1      0  53.1000        S  First   \n",
      "4         0       3    male  35.0      0      0   8.0500        S  Third   \n",
      "\n",
      "     who  adult_male deck  embark_town alive  alone  \n",
      "0    man        True  NaN  Southampton    no  False  \n",
      "1  woman       False    C    Cherbourg   yes  False  \n",
      "2  woman       False  NaN  Southampton   yes   True  \n",
      "3  woman       False    C  Southampton   yes  False  \n",
      "4    man        True  NaN  Southampton    no   True  \n",
      "\n",
      "\n"
     ]
    }
   ],
   "metadata": {}
  },
  {
   "cell_type": "code",
   "execution_count": 3,
   "source": [
    "\r\n",
    "# 데이터 자료형 확인\r\n",
    "print(df.info())  \r\n",
    "print('\\n')\r\n"
   ],
   "outputs": [
    {
     "output_type": "stream",
     "name": "stdout",
     "text": [
      "<class 'pandas.core.frame.DataFrame'>\n",
      "RangeIndex: 891 entries, 0 to 890\n",
      "Data columns (total 15 columns):\n",
      " #   Column       Non-Null Count  Dtype   \n",
      "---  ------       --------------  -----   \n",
      " 0   survived     891 non-null    int64   \n",
      " 1   pclass       891 non-null    int64   \n",
      " 2   sex          891 non-null    object  \n",
      " 3   age          714 non-null    float64 \n",
      " 4   sibsp        891 non-null    int64   \n",
      " 5   parch        891 non-null    int64   \n",
      " 6   fare         891 non-null    float64 \n",
      " 7   embarked     889 non-null    object  \n",
      " 8   class        891 non-null    category\n",
      " 9   who          891 non-null    object  \n",
      " 10  adult_male   891 non-null    bool    \n",
      " 11  deck         203 non-null    category\n",
      " 12  embark_town  889 non-null    object  \n",
      " 13  alive        891 non-null    object  \n",
      " 14  alone        891 non-null    bool    \n",
      "dtypes: bool(2), category(2), float64(2), int64(4), object(5)\n",
      "memory usage: 80.7+ KB\n",
      "None\n",
      "\n",
      "\n"
     ]
    }
   ],
   "metadata": {}
  },
  {
   "cell_type": "code",
   "execution_count": 4,
   "source": [
    "df.isna().sum()"
   ],
   "outputs": [
    {
     "output_type": "execute_result",
     "data": {
      "text/plain": [
       "survived         0\n",
       "pclass           0\n",
       "sex              0\n",
       "age            177\n",
       "sibsp            0\n",
       "parch            0\n",
       "fare             0\n",
       "embarked         2\n",
       "class            0\n",
       "who              0\n",
       "adult_male       0\n",
       "deck           688\n",
       "embark_town      2\n",
       "alive            0\n",
       "alone            0\n",
       "dtype: int64"
      ]
     },
     "metadata": {},
     "execution_count": 4
    }
   ],
   "metadata": {}
  },
  {
   "cell_type": "code",
   "execution_count": 5,
   "source": [
    "# deck, embark_town 미사용으로 삭제 ( 의미가 없고 NaN값이 많음 )\r\n",
    "\r\n",
    "# NaN값이 많은 deck 열을 삭제, embarked와 내용이 겹치는 embark_town 열을 삭제\r\n",
    "rdf = df.drop(['deck', 'embark_town'], axis=1)  \r\n",
    "print(rdf.columns.values)\r\n",
    "print('\\n')"
   ],
   "outputs": [
    {
     "output_type": "stream",
     "name": "stdout",
     "text": [
      "['survived' 'pclass' 'sex' 'age' 'sibsp' 'parch' 'fare' 'embarked' 'class'\n",
      " 'who' 'adult_male' 'alive' 'alone']\n",
      "\n",
      "\n"
     ]
    }
   ],
   "metadata": {}
  },
  {
   "cell_type": "code",
   "execution_count": 6,
   "source": [
    "rdf.isna().sum()"
   ],
   "outputs": [
    {
     "output_type": "execute_result",
     "data": {
      "text/plain": [
       "survived        0\n",
       "pclass          0\n",
       "sex             0\n",
       "age           177\n",
       "sibsp           0\n",
       "parch           0\n",
       "fare            0\n",
       "embarked        2\n",
       "class           0\n",
       "who             0\n",
       "adult_male      0\n",
       "alive           0\n",
       "alone           0\n",
       "dtype: int64"
      ]
     },
     "metadata": {},
     "execution_count": 6
    }
   ],
   "metadata": {}
  },
  {
   "cell_type": "code",
   "execution_count": 7,
   "source": [
    "# age 열에 나이 데이터가 없는 모든 행을 삭제 - age 열(891개 중 177개의 NaN 값)\r\n",
    "rdf = rdf.dropna(subset=['age'], how='any', axis=0)  \r\n",
    "print(len(rdf))\r\n",
    "print('\\n')"
   ],
   "outputs": [
    {
     "output_type": "stream",
     "name": "stdout",
     "text": [
      "714\n",
      "\n",
      "\n"
     ]
    }
   ],
   "metadata": {}
  },
  {
   "cell_type": "code",
   "execution_count": 8,
   "source": [
    "# survived/age 생존1, 사망0, 나이가 어릴수록 생존율이 높음(-값이 나옴) -0.077221\r\n",
    "rdf.corr()"
   ],
   "outputs": [
    {
     "output_type": "execute_result",
     "data": {
      "text/html": [
       "<div>\n",
       "<style scoped>\n",
       "    .dataframe tbody tr th:only-of-type {\n",
       "        vertical-align: middle;\n",
       "    }\n",
       "\n",
       "    .dataframe tbody tr th {\n",
       "        vertical-align: top;\n",
       "    }\n",
       "\n",
       "    .dataframe thead th {\n",
       "        text-align: right;\n",
       "    }\n",
       "</style>\n",
       "<table border=\"1\" class=\"dataframe\">\n",
       "  <thead>\n",
       "    <tr style=\"text-align: right;\">\n",
       "      <th></th>\n",
       "      <th>survived</th>\n",
       "      <th>pclass</th>\n",
       "      <th>age</th>\n",
       "      <th>sibsp</th>\n",
       "      <th>parch</th>\n",
       "      <th>fare</th>\n",
       "      <th>adult_male</th>\n",
       "      <th>alone</th>\n",
       "    </tr>\n",
       "  </thead>\n",
       "  <tbody>\n",
       "    <tr>\n",
       "      <th>survived</th>\n",
       "      <td>1.000000</td>\n",
       "      <td>-0.359653</td>\n",
       "      <td>-0.077221</td>\n",
       "      <td>-0.017358</td>\n",
       "      <td>0.093317</td>\n",
       "      <td>0.268189</td>\n",
       "      <td>-0.552936</td>\n",
       "      <td>-0.196140</td>\n",
       "    </tr>\n",
       "    <tr>\n",
       "      <th>pclass</th>\n",
       "      <td>-0.359653</td>\n",
       "      <td>1.000000</td>\n",
       "      <td>-0.369226</td>\n",
       "      <td>0.067247</td>\n",
       "      <td>0.025683</td>\n",
       "      <td>-0.554182</td>\n",
       "      <td>0.099021</td>\n",
       "      <td>0.146320</td>\n",
       "    </tr>\n",
       "    <tr>\n",
       "      <th>age</th>\n",
       "      <td>-0.077221</td>\n",
       "      <td>-0.369226</td>\n",
       "      <td>1.000000</td>\n",
       "      <td>-0.308247</td>\n",
       "      <td>-0.189119</td>\n",
       "      <td>0.096067</td>\n",
       "      <td>0.280328</td>\n",
       "      <td>0.198270</td>\n",
       "    </tr>\n",
       "    <tr>\n",
       "      <th>sibsp</th>\n",
       "      <td>-0.017358</td>\n",
       "      <td>0.067247</td>\n",
       "      <td>-0.308247</td>\n",
       "      <td>1.000000</td>\n",
       "      <td>0.383820</td>\n",
       "      <td>0.138329</td>\n",
       "      <td>-0.310463</td>\n",
       "      <td>-0.629818</td>\n",
       "    </tr>\n",
       "    <tr>\n",
       "      <th>parch</th>\n",
       "      <td>0.093317</td>\n",
       "      <td>0.025683</td>\n",
       "      <td>-0.189119</td>\n",
       "      <td>0.383820</td>\n",
       "      <td>1.000000</td>\n",
       "      <td>0.205119</td>\n",
       "      <td>-0.363079</td>\n",
       "      <td>-0.577524</td>\n",
       "    </tr>\n",
       "    <tr>\n",
       "      <th>fare</th>\n",
       "      <td>0.268189</td>\n",
       "      <td>-0.554182</td>\n",
       "      <td>0.096067</td>\n",
       "      <td>0.138329</td>\n",
       "      <td>0.205119</td>\n",
       "      <td>1.000000</td>\n",
       "      <td>-0.179740</td>\n",
       "      <td>-0.260136</td>\n",
       "    </tr>\n",
       "    <tr>\n",
       "      <th>adult_male</th>\n",
       "      <td>-0.552936</td>\n",
       "      <td>0.099021</td>\n",
       "      <td>0.280328</td>\n",
       "      <td>-0.310463</td>\n",
       "      <td>-0.363079</td>\n",
       "      <td>-0.179740</td>\n",
       "      <td>1.000000</td>\n",
       "      <td>0.396632</td>\n",
       "    </tr>\n",
       "    <tr>\n",
       "      <th>alone</th>\n",
       "      <td>-0.196140</td>\n",
       "      <td>0.146320</td>\n",
       "      <td>0.198270</td>\n",
       "      <td>-0.629818</td>\n",
       "      <td>-0.577524</td>\n",
       "      <td>-0.260136</td>\n",
       "      <td>0.396632</td>\n",
       "      <td>1.000000</td>\n",
       "    </tr>\n",
       "  </tbody>\n",
       "</table>\n",
       "</div>"
      ],
      "text/plain": [
       "            survived    pclass       age     sibsp     parch      fare  \\\n",
       "survived    1.000000 -0.359653 -0.077221 -0.017358  0.093317  0.268189   \n",
       "pclass     -0.359653  1.000000 -0.369226  0.067247  0.025683 -0.554182   \n",
       "age        -0.077221 -0.369226  1.000000 -0.308247 -0.189119  0.096067   \n",
       "sibsp      -0.017358  0.067247 -0.308247  1.000000  0.383820  0.138329   \n",
       "parch       0.093317  0.025683 -0.189119  0.383820  1.000000  0.205119   \n",
       "fare        0.268189 -0.554182  0.096067  0.138329  0.205119  1.000000   \n",
       "adult_male -0.552936  0.099021  0.280328 -0.310463 -0.363079 -0.179740   \n",
       "alone      -0.196140  0.146320  0.198270 -0.629818 -0.577524 -0.260136   \n",
       "\n",
       "            adult_male     alone  \n",
       "survived     -0.552936 -0.196140  \n",
       "pclass        0.099021  0.146320  \n",
       "age           0.280328  0.198270  \n",
       "sibsp        -0.310463 -0.629818  \n",
       "parch        -0.363079 -0.577524  \n",
       "fare         -0.179740 -0.260136  \n",
       "adult_male    1.000000  0.396632  \n",
       "alone         0.396632  1.000000  "
      ]
     },
     "metadata": {},
     "execution_count": 8
    }
   ],
   "metadata": {}
  },
  {
   "cell_type": "code",
   "execution_count": 9,
   "source": [
    "# 성별이 남자인 자료로 corr()\r\n",
    "rdf[(rdf['sex']=='male')].corr()"
   ],
   "outputs": [
    {
     "output_type": "execute_result",
     "data": {
      "text/html": [
       "<div>\n",
       "<style scoped>\n",
       "    .dataframe tbody tr th:only-of-type {\n",
       "        vertical-align: middle;\n",
       "    }\n",
       "\n",
       "    .dataframe tbody tr th {\n",
       "        vertical-align: top;\n",
       "    }\n",
       "\n",
       "    .dataframe thead th {\n",
       "        text-align: right;\n",
       "    }\n",
       "</style>\n",
       "<table border=\"1\" class=\"dataframe\">\n",
       "  <thead>\n",
       "    <tr style=\"text-align: right;\">\n",
       "      <th></th>\n",
       "      <th>survived</th>\n",
       "      <th>pclass</th>\n",
       "      <th>age</th>\n",
       "      <th>sibsp</th>\n",
       "      <th>parch</th>\n",
       "      <th>fare</th>\n",
       "      <th>adult_male</th>\n",
       "      <th>alone</th>\n",
       "    </tr>\n",
       "  </thead>\n",
       "  <tbody>\n",
       "    <tr>\n",
       "      <th>survived</th>\n",
       "      <td>1.000000</td>\n",
       "      <td>-0.221893</td>\n",
       "      <td>-0.119618</td>\n",
       "      <td>-0.016908</td>\n",
       "      <td>0.098726</td>\n",
       "      <td>0.183421</td>\n",
       "      <td>-0.246323</td>\n",
       "      <td>-0.132735</td>\n",
       "    </tr>\n",
       "    <tr>\n",
       "      <th>pclass</th>\n",
       "      <td>-0.221893</td>\n",
       "      <td>1.000000</td>\n",
       "      <td>-0.392754</td>\n",
       "      <td>0.056253</td>\n",
       "      <td>-0.042630</td>\n",
       "      <td>-0.486482</td>\n",
       "      <td>-0.110147</td>\n",
       "      <td>0.178073</td>\n",
       "    </tr>\n",
       "    <tr>\n",
       "      <th>age</th>\n",
       "      <td>-0.119618</td>\n",
       "      <td>-0.392754</td>\n",
       "      <td>1.000000</td>\n",
       "      <td>-0.334982</td>\n",
       "      <td>-0.232419</td>\n",
       "      <td>0.077331</td>\n",
       "      <td>0.536159</td>\n",
       "      <td>0.211858</td>\n",
       "    </tr>\n",
       "    <tr>\n",
       "      <th>sibsp</th>\n",
       "      <td>-0.016908</td>\n",
       "      <td>0.056253</td>\n",
       "      <td>-0.334982</td>\n",
       "      <td>1.000000</td>\n",
       "      <td>0.478161</td>\n",
       "      <td>0.163829</td>\n",
       "      <td>-0.602361</td>\n",
       "      <td>-0.680127</td>\n",
       "    </tr>\n",
       "    <tr>\n",
       "      <th>parch</th>\n",
       "      <td>0.098726</td>\n",
       "      <td>-0.042630</td>\n",
       "      <td>-0.232419</td>\n",
       "      <td>0.478161</td>\n",
       "      <td>1.000000</td>\n",
       "      <td>0.311899</td>\n",
       "      <td>-0.516077</td>\n",
       "      <td>-0.596347</td>\n",
       "    </tr>\n",
       "    <tr>\n",
       "      <th>fare</th>\n",
       "      <td>0.183421</td>\n",
       "      <td>-0.486482</td>\n",
       "      <td>0.077331</td>\n",
       "      <td>0.163829</td>\n",
       "      <td>0.311899</td>\n",
       "      <td>1.000000</td>\n",
       "      <td>-0.048333</td>\n",
       "      <td>-0.335899</td>\n",
       "    </tr>\n",
       "    <tr>\n",
       "      <th>adult_male</th>\n",
       "      <td>-0.246323</td>\n",
       "      <td>-0.110147</td>\n",
       "      <td>0.536159</td>\n",
       "      <td>-0.602361</td>\n",
       "      <td>-0.516077</td>\n",
       "      <td>-0.048333</td>\n",
       "      <td>1.000000</td>\n",
       "      <td>0.427967</td>\n",
       "    </tr>\n",
       "    <tr>\n",
       "      <th>alone</th>\n",
       "      <td>-0.132735</td>\n",
       "      <td>0.178073</td>\n",
       "      <td>0.211858</td>\n",
       "      <td>-0.680127</td>\n",
       "      <td>-0.596347</td>\n",
       "      <td>-0.335899</td>\n",
       "      <td>0.427967</td>\n",
       "      <td>1.000000</td>\n",
       "    </tr>\n",
       "  </tbody>\n",
       "</table>\n",
       "</div>"
      ],
      "text/plain": [
       "            survived    pclass       age     sibsp     parch      fare  \\\n",
       "survived    1.000000 -0.221893 -0.119618 -0.016908  0.098726  0.183421   \n",
       "pclass     -0.221893  1.000000 -0.392754  0.056253 -0.042630 -0.486482   \n",
       "age        -0.119618 -0.392754  1.000000 -0.334982 -0.232419  0.077331   \n",
       "sibsp      -0.016908  0.056253 -0.334982  1.000000  0.478161  0.163829   \n",
       "parch       0.098726 -0.042630 -0.232419  0.478161  1.000000  0.311899   \n",
       "fare        0.183421 -0.486482  0.077331  0.163829  0.311899  1.000000   \n",
       "adult_male -0.246323 -0.110147  0.536159 -0.602361 -0.516077 -0.048333   \n",
       "alone      -0.132735  0.178073  0.211858 -0.680127 -0.596347 -0.335899   \n",
       "\n",
       "            adult_male     alone  \n",
       "survived     -0.246323 -0.132735  \n",
       "pclass       -0.110147  0.178073  \n",
       "age           0.536159  0.211858  \n",
       "sibsp        -0.602361 -0.680127  \n",
       "parch        -0.516077 -0.596347  \n",
       "fare         -0.048333 -0.335899  \n",
       "adult_male    1.000000  0.427967  \n",
       "alone         0.427967  1.000000  "
      ]
     },
     "metadata": {},
     "execution_count": 9
    }
   ],
   "metadata": {}
  },
  {
   "cell_type": "code",
   "execution_count": 10,
   "source": [
    "# 성별이 남자인 자료로 corr(), 30살 아래\r\n",
    "rdf[(rdf['sex']=='male') & (rdf['age']<30)].corr()"
   ],
   "outputs": [
    {
     "output_type": "execute_result",
     "data": {
      "text/html": [
       "<div>\n",
       "<style scoped>\n",
       "    .dataframe tbody tr th:only-of-type {\n",
       "        vertical-align: middle;\n",
       "    }\n",
       "\n",
       "    .dataframe tbody tr th {\n",
       "        vertical-align: top;\n",
       "    }\n",
       "\n",
       "    .dataframe thead th {\n",
       "        text-align: right;\n",
       "    }\n",
       "</style>\n",
       "<table border=\"1\" class=\"dataframe\">\n",
       "  <thead>\n",
       "    <tr style=\"text-align: right;\">\n",
       "      <th></th>\n",
       "      <th>survived</th>\n",
       "      <th>pclass</th>\n",
       "      <th>age</th>\n",
       "      <th>sibsp</th>\n",
       "      <th>parch</th>\n",
       "      <th>fare</th>\n",
       "      <th>adult_male</th>\n",
       "      <th>alone</th>\n",
       "    </tr>\n",
       "  </thead>\n",
       "  <tbody>\n",
       "    <tr>\n",
       "      <th>survived</th>\n",
       "      <td>1.000000</td>\n",
       "      <td>-0.230821</td>\n",
       "      <td>-0.283040</td>\n",
       "      <td>-0.050946</td>\n",
       "      <td>0.236309</td>\n",
       "      <td>0.101925</td>\n",
       "      <td>-0.339703</td>\n",
       "      <td>-0.218943</td>\n",
       "    </tr>\n",
       "    <tr>\n",
       "      <th>pclass</th>\n",
       "      <td>-0.230821</td>\n",
       "      <td>1.000000</td>\n",
       "      <td>-0.070599</td>\n",
       "      <td>0.078312</td>\n",
       "      <td>-0.131498</td>\n",
       "      <td>-0.637715</td>\n",
       "      <td>-0.022959</td>\n",
       "      <td>0.200252</td>\n",
       "    </tr>\n",
       "    <tr>\n",
       "      <th>age</th>\n",
       "      <td>-0.283040</td>\n",
       "      <td>-0.070599</td>\n",
       "      <td>1.000000</td>\n",
       "      <td>-0.522689</td>\n",
       "      <td>-0.650397</td>\n",
       "      <td>-0.108302</td>\n",
       "      <td>0.853835</td>\n",
       "      <td>0.489356</td>\n",
       "    </tr>\n",
       "    <tr>\n",
       "      <th>sibsp</th>\n",
       "      <td>-0.050946</td>\n",
       "      <td>0.078312</td>\n",
       "      <td>-0.522689</td>\n",
       "      <td>1.000000</td>\n",
       "      <td>0.591787</td>\n",
       "      <td>0.231176</td>\n",
       "      <td>-0.628145</td>\n",
       "      <td>-0.681062</td>\n",
       "    </tr>\n",
       "    <tr>\n",
       "      <th>parch</th>\n",
       "      <td>0.236309</td>\n",
       "      <td>-0.131498</td>\n",
       "      <td>-0.650397</td>\n",
       "      <td>0.591787</td>\n",
       "      <td>1.000000</td>\n",
       "      <td>0.429656</td>\n",
       "      <td>-0.702921</td>\n",
       "      <td>-0.671577</td>\n",
       "    </tr>\n",
       "    <tr>\n",
       "      <th>fare</th>\n",
       "      <td>0.101925</td>\n",
       "      <td>-0.637715</td>\n",
       "      <td>-0.108302</td>\n",
       "      <td>0.231176</td>\n",
       "      <td>0.429656</td>\n",
       "      <td>1.000000</td>\n",
       "      <td>-0.143227</td>\n",
       "      <td>-0.387947</td>\n",
       "    </tr>\n",
       "    <tr>\n",
       "      <th>adult_male</th>\n",
       "      <td>-0.339703</td>\n",
       "      <td>-0.022959</td>\n",
       "      <td>0.853835</td>\n",
       "      <td>-0.628145</td>\n",
       "      <td>-0.702921</td>\n",
       "      <td>-0.143227</td>\n",
       "      <td>1.000000</td>\n",
       "      <td>0.568303</td>\n",
       "    </tr>\n",
       "    <tr>\n",
       "      <th>alone</th>\n",
       "      <td>-0.218943</td>\n",
       "      <td>0.200252</td>\n",
       "      <td>0.489356</td>\n",
       "      <td>-0.681062</td>\n",
       "      <td>-0.671577</td>\n",
       "      <td>-0.387947</td>\n",
       "      <td>0.568303</td>\n",
       "      <td>1.000000</td>\n",
       "    </tr>\n",
       "  </tbody>\n",
       "</table>\n",
       "</div>"
      ],
      "text/plain": [
       "            survived    pclass       age     sibsp     parch      fare  \\\n",
       "survived    1.000000 -0.230821 -0.283040 -0.050946  0.236309  0.101925   \n",
       "pclass     -0.230821  1.000000 -0.070599  0.078312 -0.131498 -0.637715   \n",
       "age        -0.283040 -0.070599  1.000000 -0.522689 -0.650397 -0.108302   \n",
       "sibsp      -0.050946  0.078312 -0.522689  1.000000  0.591787  0.231176   \n",
       "parch       0.236309 -0.131498 -0.650397  0.591787  1.000000  0.429656   \n",
       "fare        0.101925 -0.637715 -0.108302  0.231176  0.429656  1.000000   \n",
       "adult_male -0.339703 -0.022959  0.853835 -0.628145 -0.702921 -0.143227   \n",
       "alone      -0.218943  0.200252  0.489356 -0.681062 -0.671577 -0.387947   \n",
       "\n",
       "            adult_male     alone  \n",
       "survived     -0.339703 -0.218943  \n",
       "pclass       -0.022959  0.200252  \n",
       "age           0.853835  0.489356  \n",
       "sibsp        -0.628145 -0.681062  \n",
       "parch        -0.702921 -0.671577  \n",
       "fare         -0.143227 -0.387947  \n",
       "adult_male    1.000000  0.568303  \n",
       "alone         0.568303  1.000000  "
      ]
     },
     "metadata": {},
     "execution_count": 10
    }
   ],
   "metadata": {}
  },
  {
   "cell_type": "code",
   "execution_count": 11,
   "source": [
    "# 성별이 남자인 자료로 corr(), 30살 아래, 3등급 이하\r\n",
    "\r\n",
    "tmp = rdf[rdf.pclass==3]\r\n",
    "\r\n",
    "tmp[(tmp['sex']=='male') & (tmp['age']<30)].corr()"
   ],
   "outputs": [
    {
     "output_type": "execute_result",
     "data": {
      "text/html": [
       "<div>\n",
       "<style scoped>\n",
       "    .dataframe tbody tr th:only-of-type {\n",
       "        vertical-align: middle;\n",
       "    }\n",
       "\n",
       "    .dataframe tbody tr th {\n",
       "        vertical-align: top;\n",
       "    }\n",
       "\n",
       "    .dataframe thead th {\n",
       "        text-align: right;\n",
       "    }\n",
       "</style>\n",
       "<table border=\"1\" class=\"dataframe\">\n",
       "  <thead>\n",
       "    <tr style=\"text-align: right;\">\n",
       "      <th></th>\n",
       "      <th>survived</th>\n",
       "      <th>pclass</th>\n",
       "      <th>age</th>\n",
       "      <th>sibsp</th>\n",
       "      <th>parch</th>\n",
       "      <th>fare</th>\n",
       "      <th>adult_male</th>\n",
       "      <th>alone</th>\n",
       "    </tr>\n",
       "  </thead>\n",
       "  <tbody>\n",
       "    <tr>\n",
       "      <th>survived</th>\n",
       "      <td>1.000000</td>\n",
       "      <td>NaN</td>\n",
       "      <td>-0.125632</td>\n",
       "      <td>-0.083791</td>\n",
       "      <td>0.099899</td>\n",
       "      <td>-0.015207</td>\n",
       "      <td>-0.182742</td>\n",
       "      <td>-0.110370</td>\n",
       "    </tr>\n",
       "    <tr>\n",
       "      <th>pclass</th>\n",
       "      <td>NaN</td>\n",
       "      <td>NaN</td>\n",
       "      <td>NaN</td>\n",
       "      <td>NaN</td>\n",
       "      <td>NaN</td>\n",
       "      <td>NaN</td>\n",
       "      <td>NaN</td>\n",
       "      <td>NaN</td>\n",
       "    </tr>\n",
       "    <tr>\n",
       "      <th>age</th>\n",
       "      <td>-0.125632</td>\n",
       "      <td>NaN</td>\n",
       "      <td>1.000000</td>\n",
       "      <td>-0.633480</td>\n",
       "      <td>-0.690664</td>\n",
       "      <td>-0.494427</td>\n",
       "      <td>0.835118</td>\n",
       "      <td>0.551316</td>\n",
       "    </tr>\n",
       "    <tr>\n",
       "      <th>sibsp</th>\n",
       "      <td>-0.083791</td>\n",
       "      <td>NaN</td>\n",
       "      <td>-0.633480</td>\n",
       "      <td>1.000000</td>\n",
       "      <td>0.728975</td>\n",
       "      <td>0.776830</td>\n",
       "      <td>-0.737404</td>\n",
       "      <td>-0.752813</td>\n",
       "    </tr>\n",
       "    <tr>\n",
       "      <th>parch</th>\n",
       "      <td>0.099899</td>\n",
       "      <td>NaN</td>\n",
       "      <td>-0.690664</td>\n",
       "      <td>0.728975</td>\n",
       "      <td>1.000000</td>\n",
       "      <td>0.680097</td>\n",
       "      <td>-0.747831</td>\n",
       "      <td>-0.688372</td>\n",
       "    </tr>\n",
       "    <tr>\n",
       "      <th>fare</th>\n",
       "      <td>-0.015207</td>\n",
       "      <td>NaN</td>\n",
       "      <td>-0.494427</td>\n",
       "      <td>0.776830</td>\n",
       "      <td>0.680097</td>\n",
       "      <td>1.000000</td>\n",
       "      <td>-0.615092</td>\n",
       "      <td>-0.532739</td>\n",
       "    </tr>\n",
       "    <tr>\n",
       "      <th>adult_male</th>\n",
       "      <td>-0.182742</td>\n",
       "      <td>NaN</td>\n",
       "      <td>0.835118</td>\n",
       "      <td>-0.737404</td>\n",
       "      <td>-0.747831</td>\n",
       "      <td>-0.615092</td>\n",
       "      <td>1.000000</td>\n",
       "      <td>0.631679</td>\n",
       "    </tr>\n",
       "    <tr>\n",
       "      <th>alone</th>\n",
       "      <td>-0.110370</td>\n",
       "      <td>NaN</td>\n",
       "      <td>0.551316</td>\n",
       "      <td>-0.752813</td>\n",
       "      <td>-0.688372</td>\n",
       "      <td>-0.532739</td>\n",
       "      <td>0.631679</td>\n",
       "      <td>1.000000</td>\n",
       "    </tr>\n",
       "  </tbody>\n",
       "</table>\n",
       "</div>"
      ],
      "text/plain": [
       "            survived  pclass       age     sibsp     parch      fare  \\\n",
       "survived    1.000000     NaN -0.125632 -0.083791  0.099899 -0.015207   \n",
       "pclass           NaN     NaN       NaN       NaN       NaN       NaN   \n",
       "age        -0.125632     NaN  1.000000 -0.633480 -0.690664 -0.494427   \n",
       "sibsp      -0.083791     NaN -0.633480  1.000000  0.728975  0.776830   \n",
       "parch       0.099899     NaN -0.690664  0.728975  1.000000  0.680097   \n",
       "fare       -0.015207     NaN -0.494427  0.776830  0.680097  1.000000   \n",
       "adult_male -0.182742     NaN  0.835118 -0.737404 -0.747831 -0.615092   \n",
       "alone      -0.110370     NaN  0.551316 -0.752813 -0.688372 -0.532739   \n",
       "\n",
       "            adult_male     alone  \n",
       "survived     -0.182742 -0.110370  \n",
       "pclass             NaN       NaN  \n",
       "age           0.835118  0.551316  \n",
       "sibsp        -0.737404 -0.752813  \n",
       "parch        -0.747831 -0.688372  \n",
       "fare         -0.615092 -0.532739  \n",
       "adult_male    1.000000  0.631679  \n",
       "alone         0.631679  1.000000  "
      ]
     },
     "metadata": {},
     "execution_count": 11
    }
   ],
   "metadata": {}
  },
  {
   "cell_type": "code",
   "execution_count": 12,
   "source": [
    "# 성별이 남자인 자료로 corr(), 30살 아래, 2등급 이하\r\n",
    "\r\n",
    "tmp = rdf[rdf.pclass==2]\r\n",
    "\r\n",
    "tmp[(tmp['sex']=='male') & (tmp['age']<30)].corr()"
   ],
   "outputs": [
    {
     "output_type": "execute_result",
     "data": {
      "text/html": [
       "<div>\n",
       "<style scoped>\n",
       "    .dataframe tbody tr th:only-of-type {\n",
       "        vertical-align: middle;\n",
       "    }\n",
       "\n",
       "    .dataframe tbody tr th {\n",
       "        vertical-align: top;\n",
       "    }\n",
       "\n",
       "    .dataframe thead th {\n",
       "        text-align: right;\n",
       "    }\n",
       "</style>\n",
       "<table border=\"1\" class=\"dataframe\">\n",
       "  <thead>\n",
       "    <tr style=\"text-align: right;\">\n",
       "      <th></th>\n",
       "      <th>survived</th>\n",
       "      <th>pclass</th>\n",
       "      <th>age</th>\n",
       "      <th>sibsp</th>\n",
       "      <th>parch</th>\n",
       "      <th>fare</th>\n",
       "      <th>adult_male</th>\n",
       "      <th>alone</th>\n",
       "    </tr>\n",
       "  </thead>\n",
       "  <tbody>\n",
       "    <tr>\n",
       "      <th>survived</th>\n",
       "      <td>1.000000</td>\n",
       "      <td>NaN</td>\n",
       "      <td>-0.883493</td>\n",
       "      <td>0.302318</td>\n",
       "      <td>0.665392</td>\n",
       "      <td>0.069790</td>\n",
       "      <td>-0.936117</td>\n",
       "      <td>-0.525169</td>\n",
       "    </tr>\n",
       "    <tr>\n",
       "      <th>pclass</th>\n",
       "      <td>NaN</td>\n",
       "      <td>NaN</td>\n",
       "      <td>NaN</td>\n",
       "      <td>NaN</td>\n",
       "      <td>NaN</td>\n",
       "      <td>NaN</td>\n",
       "      <td>NaN</td>\n",
       "      <td>NaN</td>\n",
       "    </tr>\n",
       "    <tr>\n",
       "      <th>age</th>\n",
       "      <td>-0.883493</td>\n",
       "      <td>NaN</td>\n",
       "      <td>1.000000</td>\n",
       "      <td>-0.298291</td>\n",
       "      <td>-0.659491</td>\n",
       "      <td>-0.144806</td>\n",
       "      <td>0.917501</td>\n",
       "      <td>0.487331</td>\n",
       "    </tr>\n",
       "    <tr>\n",
       "      <th>sibsp</th>\n",
       "      <td>0.302318</td>\n",
       "      <td>NaN</td>\n",
       "      <td>-0.298291</td>\n",
       "      <td>1.000000</td>\n",
       "      <td>0.344711</td>\n",
       "      <td>0.438113</td>\n",
       "      <td>-0.350183</td>\n",
       "      <td>-0.802203</td>\n",
       "    </tr>\n",
       "    <tr>\n",
       "      <th>parch</th>\n",
       "      <td>0.665392</td>\n",
       "      <td>NaN</td>\n",
       "      <td>-0.659491</td>\n",
       "      <td>0.344711</td>\n",
       "      <td>1.000000</td>\n",
       "      <td>0.210574</td>\n",
       "      <td>-0.723113</td>\n",
       "      <td>-0.696358</td>\n",
       "    </tr>\n",
       "    <tr>\n",
       "      <th>fare</th>\n",
       "      <td>0.069790</td>\n",
       "      <td>NaN</td>\n",
       "      <td>-0.144806</td>\n",
       "      <td>0.438113</td>\n",
       "      <td>0.210574</td>\n",
       "      <td>1.000000</td>\n",
       "      <td>-0.111388</td>\n",
       "      <td>-0.391154</td>\n",
       "    </tr>\n",
       "    <tr>\n",
       "      <th>adult_male</th>\n",
       "      <td>-0.936117</td>\n",
       "      <td>NaN</td>\n",
       "      <td>0.917501</td>\n",
       "      <td>-0.350183</td>\n",
       "      <td>-0.723113</td>\n",
       "      <td>-0.111388</td>\n",
       "      <td>1.000000</td>\n",
       "      <td>0.590788</td>\n",
       "    </tr>\n",
       "    <tr>\n",
       "      <th>alone</th>\n",
       "      <td>-0.525169</td>\n",
       "      <td>NaN</td>\n",
       "      <td>0.487331</td>\n",
       "      <td>-0.802203</td>\n",
       "      <td>-0.696358</td>\n",
       "      <td>-0.391154</td>\n",
       "      <td>0.590788</td>\n",
       "      <td>1.000000</td>\n",
       "    </tr>\n",
       "  </tbody>\n",
       "</table>\n",
       "</div>"
      ],
      "text/plain": [
       "            survived  pclass       age     sibsp     parch      fare  \\\n",
       "survived    1.000000     NaN -0.883493  0.302318  0.665392  0.069790   \n",
       "pclass           NaN     NaN       NaN       NaN       NaN       NaN   \n",
       "age        -0.883493     NaN  1.000000 -0.298291 -0.659491 -0.144806   \n",
       "sibsp       0.302318     NaN -0.298291  1.000000  0.344711  0.438113   \n",
       "parch       0.665392     NaN -0.659491  0.344711  1.000000  0.210574   \n",
       "fare        0.069790     NaN -0.144806  0.438113  0.210574  1.000000   \n",
       "adult_male -0.936117     NaN  0.917501 -0.350183 -0.723113 -0.111388   \n",
       "alone      -0.525169     NaN  0.487331 -0.802203 -0.696358 -0.391154   \n",
       "\n",
       "            adult_male     alone  \n",
       "survived     -0.936117 -0.525169  \n",
       "pclass             NaN       NaN  \n",
       "age           0.917501  0.487331  \n",
       "sibsp        -0.350183 -0.802203  \n",
       "parch        -0.723113 -0.696358  \n",
       "fare         -0.111388 -0.391154  \n",
       "adult_male    1.000000  0.590788  \n",
       "alone         0.590788  1.000000  "
      ]
     },
     "metadata": {},
     "execution_count": 12
    }
   ],
   "metadata": {}
  },
  {
   "cell_type": "code",
   "execution_count": 13,
   "source": [
    "tmp.describe()"
   ],
   "outputs": [
    {
     "output_type": "execute_result",
     "data": {
      "text/html": [
       "<div>\n",
       "<style scoped>\n",
       "    .dataframe tbody tr th:only-of-type {\n",
       "        vertical-align: middle;\n",
       "    }\n",
       "\n",
       "    .dataframe tbody tr th {\n",
       "        vertical-align: top;\n",
       "    }\n",
       "\n",
       "    .dataframe thead th {\n",
       "        text-align: right;\n",
       "    }\n",
       "</style>\n",
       "<table border=\"1\" class=\"dataframe\">\n",
       "  <thead>\n",
       "    <tr style=\"text-align: right;\">\n",
       "      <th></th>\n",
       "      <th>survived</th>\n",
       "      <th>pclass</th>\n",
       "      <th>age</th>\n",
       "      <th>sibsp</th>\n",
       "      <th>parch</th>\n",
       "      <th>fare</th>\n",
       "    </tr>\n",
       "  </thead>\n",
       "  <tbody>\n",
       "    <tr>\n",
       "      <th>count</th>\n",
       "      <td>173.000000</td>\n",
       "      <td>173.0</td>\n",
       "      <td>173.000000</td>\n",
       "      <td>173.000000</td>\n",
       "      <td>173.000000</td>\n",
       "      <td>173.000000</td>\n",
       "    </tr>\n",
       "    <tr>\n",
       "      <th>mean</th>\n",
       "      <td>0.479769</td>\n",
       "      <td>2.0</td>\n",
       "      <td>29.877630</td>\n",
       "      <td>0.427746</td>\n",
       "      <td>0.404624</td>\n",
       "      <td>21.471556</td>\n",
       "    </tr>\n",
       "    <tr>\n",
       "      <th>std</th>\n",
       "      <td>0.501041</td>\n",
       "      <td>0.0</td>\n",
       "      <td>14.001077</td>\n",
       "      <td>0.611645</td>\n",
       "      <td>0.705775</td>\n",
       "      <td>13.187429</td>\n",
       "    </tr>\n",
       "    <tr>\n",
       "      <th>min</th>\n",
       "      <td>0.000000</td>\n",
       "      <td>2.0</td>\n",
       "      <td>0.670000</td>\n",
       "      <td>0.000000</td>\n",
       "      <td>0.000000</td>\n",
       "      <td>10.500000</td>\n",
       "    </tr>\n",
       "    <tr>\n",
       "      <th>25%</th>\n",
       "      <td>0.000000</td>\n",
       "      <td>2.0</td>\n",
       "      <td>23.000000</td>\n",
       "      <td>0.000000</td>\n",
       "      <td>0.000000</td>\n",
       "      <td>13.000000</td>\n",
       "    </tr>\n",
       "    <tr>\n",
       "      <th>50%</th>\n",
       "      <td>0.000000</td>\n",
       "      <td>2.0</td>\n",
       "      <td>29.000000</td>\n",
       "      <td>0.000000</td>\n",
       "      <td>0.000000</td>\n",
       "      <td>15.045800</td>\n",
       "    </tr>\n",
       "    <tr>\n",
       "      <th>75%</th>\n",
       "      <td>1.000000</td>\n",
       "      <td>2.0</td>\n",
       "      <td>36.000000</td>\n",
       "      <td>1.000000</td>\n",
       "      <td>1.000000</td>\n",
       "      <td>26.000000</td>\n",
       "    </tr>\n",
       "    <tr>\n",
       "      <th>max</th>\n",
       "      <td>1.000000</td>\n",
       "      <td>2.0</td>\n",
       "      <td>70.000000</td>\n",
       "      <td>3.000000</td>\n",
       "      <td>3.000000</td>\n",
       "      <td>73.500000</td>\n",
       "    </tr>\n",
       "  </tbody>\n",
       "</table>\n",
       "</div>"
      ],
      "text/plain": [
       "         survived  pclass         age       sibsp       parch        fare\n",
       "count  173.000000   173.0  173.000000  173.000000  173.000000  173.000000\n",
       "mean     0.479769     2.0   29.877630    0.427746    0.404624   21.471556\n",
       "std      0.501041     0.0   14.001077    0.611645    0.705775   13.187429\n",
       "min      0.000000     2.0    0.670000    0.000000    0.000000   10.500000\n",
       "25%      0.000000     2.0   23.000000    0.000000    0.000000   13.000000\n",
       "50%      0.000000     2.0   29.000000    0.000000    0.000000   15.045800\n",
       "75%      1.000000     2.0   36.000000    1.000000    1.000000   26.000000\n",
       "max      1.000000     2.0   70.000000    3.000000    3.000000   73.500000"
      ]
     },
     "metadata": {},
     "execution_count": 13
    }
   ],
   "metadata": {}
  },
  {
   "cell_type": "code",
   "execution_count": 14,
   "source": [
    "# embarked 열의 NaN값을 승선도시 중에서 가장 많이 출현한 값으로 치환하기\r\n",
    "most_freq = rdf['embarked'].value_counts(dropna=True).idxmax()   \r\n",
    "print(most_freq)\r\n",
    "print('\\n')\r\n",
    "\r\n",
    "print(rdf.describe(include='all'))\r\n",
    "print('\\n')\r\n",
    "\r\n",
    "rdf['embarked'].fillna(most_freq, inplace=True)"
   ],
   "outputs": [
    {
     "output_type": "stream",
     "name": "stdout",
     "text": [
      "S\n",
      "\n",
      "\n",
      "          survived      pclass   sex         age       sibsp       parch  \\\n",
      "count   714.000000  714.000000   714  714.000000  714.000000  714.000000   \n",
      "unique         NaN         NaN     2         NaN         NaN         NaN   \n",
      "top            NaN         NaN  male         NaN         NaN         NaN   \n",
      "freq           NaN         NaN   453         NaN         NaN         NaN   \n",
      "mean      0.406162    2.236695   NaN   29.699118    0.512605    0.431373   \n",
      "std       0.491460    0.838250   NaN   14.526497    0.929783    0.853289   \n",
      "min       0.000000    1.000000   NaN    0.420000    0.000000    0.000000   \n",
      "25%       0.000000    1.000000   NaN   20.125000    0.000000    0.000000   \n",
      "50%       0.000000    2.000000   NaN   28.000000    0.000000    0.000000   \n",
      "75%       1.000000    3.000000   NaN   38.000000    1.000000    1.000000   \n",
      "max       1.000000    3.000000   NaN   80.000000    5.000000    6.000000   \n",
      "\n",
      "              fare embarked  class  who adult_male alive alone  \n",
      "count   714.000000      712    714  714        714   714   714  \n",
      "unique         NaN        3      3    3          2     2     2  \n",
      "top            NaN        S  Third  man       True    no  True  \n",
      "freq           NaN      554    355  413        413   424   404  \n",
      "mean     34.694514      NaN    NaN  NaN        NaN   NaN   NaN  \n",
      "std      52.918930      NaN    NaN  NaN        NaN   NaN   NaN  \n",
      "min       0.000000      NaN    NaN  NaN        NaN   NaN   NaN  \n",
      "25%       8.050000      NaN    NaN  NaN        NaN   NaN   NaN  \n",
      "50%      15.741700      NaN    NaN  NaN        NaN   NaN   NaN  \n",
      "75%      33.375000      NaN    NaN  NaN        NaN   NaN   NaN  \n",
